588,1
588,3
603,49
603,48
603,47
603,46
603,45
603,44
603,43
603,42
603,41
603,40
603,39
603,38
603,37
603,36
603,35
3,2
3,1
3,3
10,100
10,282
10,188
10,210
10,88
10,230
10,116
10,1
10,262
10,2
10,3
11,29
11,15
11,17
11,12
11,5
11,1
11,8
11,2
11,3
9,7
9,6
9,1
9,4
9,2
9,3
8,10
8,12
8,17
8,1
8,7
8,2
8,3
12,2
12,1
12,3
20,2
20,1
20,3
19,2
19,1
19,3
602,4
602,3
602,2
602,1
602,0
601,3
601,2
601,1
601,0
600,3
600,2
600,1
600,0
599,3
599,2
599,1
18,1
599,0
598,3
18,3
598,2
14,1
598,1
598,0
597,3
14,3
597,2
13,1
597,1
597,0
596,3
13,3
596,2
596,1
596,0
595,3
595,2
595,1
595,0
594,3
594,2
594,1
594,0
593,4
593,3
593,2
2,2
593,1
2,1
593,0
592,3
2,3
592,2
592,1
592,0
